mean: 424481.9498559543
stdev: 17769.24143101971