mean: 105.78952894163766
stdev: 208.3273350471294